0	17	882256	0
0	18	882256	0
0	19	882256	4
1	15	882268	1
1	16	882268	4
1	17	882268	2
2	16	882276	3
2	17	882276	0
2	18	882276	0
3	17	882284	1
3	18	882284	1
3	19	882284	1
4	17	882292	1
4	18	882292	5
4	19	882292	0
5	15	882300	3
5	16	882300	4
5	17	882300	3
6	15	882307	1
6	16	882307	2
6	17	882307	0
7	16	882315	5
7	17	882315	5
7	18	882315	2
8	17	882323	3
8	18	882323	2
8	19	882323	2
9	17	882330	3
9	18	882330	5
9	19	882330	3
10	15	882338	5
10	16	882338	0
10	17	882338	2
11	15	882345	1
11	16	882345	3
11	17	882345	5
12	15	882353	1
12	16	882353	5
12	17	882353	1
13	16	882361	5
13	17	882361	3
13	18	882361	3
14	16	882368	3
14	17	882368	5
14	18	882368	5
