4.4_0.2	9	9,39,43
4.6_0.2	4	4,23,48
4.7_0.2	3	3,30
4.8_0.2	12	12,25,31
4.9_0.1	10	10,35,38
5.0_0.2	5	5,8,26,36,50
5.0_1.0	61	61,94
5.1_0.2	1	1,40,47
5.1_0.3	18	18,20
5.1_0.4	22	22,45
5.2_0.2	28	28,29
5.4_0.2	11	11,21
5.4_0.4	6	6,17,32
5.5_0.2	34	34,37
5.5_1.3	54	54,90
5.6_1.3	65	65,89,95
5.7_1.3	56	56,97,100
5.8_1.2	83	83,93
5.8_1.9	102	102,143
5.9_1.8	71	71,150
6.0_1.5	79	79,120
6.0_1.6	84	84,86
6.1_1.4	64	64,92,135
6.3_1.5	73	73,134
6.3_1.8	104	104,124
6.5_2.0	111	111,148
6.9_2.3	121	121,142
7.7_2.3	119	119,136
